clip_name,start_time,end_time,label_0,label_1
TV-20220113-2142-2300.webl.h264_1,163.21,185.13,0,0
TV-20220113-2142-2300.webl.h264_2,185.13,195.59,2,5
TV-20220113-2142-2300.webl.h264_3,195.59,206.25,2,5
TV-20220113-2142-2300.webl.h264_4,206.26,212.22,2,5
TV-20220113-2142-2300.webl.h264_5,212.25,221.45,2,5
TV-20220113-2142-2300.webl.h264_6,221.505,239.803,2,5
TV-20220113-2142-2300.webl.h264_7,239.803,262.45,2,3
TV-20220113-2142-2300.webl.h264_8,262.46,300.66,2,5
TV-20220113-2142-2300.webl.h264_9,300.66,317.63,1,1
TV-20230119-2021-3600.webl.h264_10,4.46,7.537,0,0
TV-20230119-2021-3600.webl.h264_11,15.117,17.657,0,0
TV-20230119-2021-3600.webl.h264_12,17.807,44.071,0,0
TV-20230119-2021-3600.webl.h264_13,45.361,57.006,1,1
TV-20230119-2021-3600.webl.h264_14,57.686,59.621,2,5
TV-20230119-2021-3600.webl.h264_15,60.358,68.955,1,1
TV-20230119-2021-3600.webl.h264_16,69.8,70.52,2,5
TV-20230119-2021-3600.webl.h264_17,70.889,83.037,1,1
TV-20230119-2021-3600.webl.h264_18,85.09,96.818,2,5
TV-20230119-2021-3600.webl.h264_19,97.321,110.976,1,1
TV-20230119-2021-3600.webl.h264_20,112.52,123.599,2,5
TV-20230119-2021-3600.webl.h264_21,124.253,139.352,1,1
TV-20230119-2021-3600.webl.h264_22,140.007,141.933,2,5
TV-20230119-2021-3600.webl.h264_23,142.26,156.391,1,1
TV-20230119-2021-3600.webl.h264_24,157.849,163.721,2,5
TV-20230119-2021-3600.webl.h264_25,164.687,177.87,1,1
TV-20230119-2021-3600.webl.h264_26,178.019,190.214,2,5
TV-20230119-2021-3600.webl.h264_27,191.26,202.093,1,1
TV-20230119-2021-3600.webl.h264_28,203.555,210.809,0,0
TV-20230119-2021-3600.webl.h264_29,212.658,259.933,1,1
TV-20230119-2021-3600.webl.h264_30,260.619,264.507,0,0
TV-20230119-2021-3600.webl.h264_31,266.759,290.588,1,1
TV-20230119-2021-3600.webl.h264_32,337.163,353.36,1,1
TV-20230119-2021-3600.webl.h264_33,353.971,360.247,2,4
TV-20230119-2021-3600.webl.h264_34,360.805,364.538,2,4
TV-20230119-2021-3600.webl.h264_35,365.247,377.409,1,1
TV-20230119-2021-3600.webl.h264_36,378.584,385.812,2,4
TV-20230119-2021-3600.webl.h264_37,386.623,399.27,1,1
TV-20230119-2021-3600.webl.h264_38,400.096,412.499,2,5
TV-20230119-2021-3600.webl.h264_39,413.234,435.914,1,1
TV-20230119-2021-3600.webl.h264_40,436.666,495.635,0,0
TV-20230119-2021-3600.webl.h264_41,497.215,507.989,1,1
TV-20230119-2021-3600.webl.h264_42,509.462,525.57,2,4
TV-20230119-2021-3600.webl.h264_43,526.056,539.391,1,1
TV-20230119-2021-3600.webl.h264_44,539.603,558.888,2,4
TV-20230119-2021-3600.webl.h264_45,559.536,568.369,1,1
TV-20230119-2021-3600.webl.h264_46,570.213,579.96,2,3
TV-20230119-2021-3600.webl.h264_47,580.321,588.34,1,1
TV-20230119-2021-3600.webl.h264_48,589.503,631.733,0,0
TV-20230119-2021-3600.webl.h264_49,633.768,656.036,1,1
TV-20230119-2021-3600.webl.h264_50,657.199,667.03,2,5
TV-20230119-2021-3600.webl.h264_51,667.109,674.242,2,5
TV-20230119-2021-3600.webl.h264_52,674.994,684.78,1,1
TV-20230119-2021-3600.webl.h264_53,685.354,699.739,2,4
TV-20230119-2021-3600.webl.h264_54,700.05,709.31,2,4
TV-20230119-2021-3600.webl.h264_55,709.311,712.223,1,1
TV-20230119-2021-3600.webl.h264_56,713.024,723.191,2,5
TV-20230119-2021-3600.webl.h264_57,723.497,732.333,1,1
TV-20230119-2021-3600.webl.h264_58,733.467,793.74,0,0
TV-20230119-2021-3600.webl.h264_59,795.228,847.391,1,1
TV-20230119-2021-3600.webl.h264_60,848.588,852.965,0,0
TV-20230119-2021-3600.webl.h264_61,854.038,900.39,1,1
TV-20230119-2021-3600.webl.h264_62,903.12,919.72,0,0
TV-20230110-2021-4400.webl.h264_63,5.376,8.468,0,0
TV-20230110-2021-4400.webl.h264_64,15.77,18.43,0,0
TV-20230110-2021-4400.webl.h264_65,18.583,45.14,0,0
TV-20230110-2021-4400.webl.h264_66,46.18,67.667,1,1
TV-20230110-2021-4400.webl.h264_67,68.813,81.01,2,4
TV-20230110-2021-4400.webl.h264_68,81.758,87.59,1,1
TV-20230110-2021-4400.webl.h264_69,88.094,106.917,2,5
TV-20230110-2021-4400.webl.h264_70,107.46,148.743,1,1
TV-20230110-2021-4400.webl.h264_71,149.865,155.945,0,0
TV-20230110-2021-4400.webl.h264_72,156.776,193.9,1,1
TV-20230110-2021-4400.webl.h264_73,194.968,222.17,0,0
TV-20230110-2021-4400.webl.h264_74,223.347,240.588,1,1
TV-20230110-2021-4400.webl.h264_75,241.87,257.777,2,3
TV-20230110-2021-4400.webl.h264_76,258.088,261.742,1,1
TV-20230110-2021-4400.webl.h264_77,262.412,275.491,2,3
TV-20230110-2021-4400.webl.h264_78,276.087,286.251,1,1
TV-20230110-2021-4400.webl.h264_79,286.68,300.73,2,3
TV-20230110-2021-4400.webl.h264_80,300.902,313.172,1,1
TV-20230110-2021-4400.webl.h264_81,313.981,340.963,0,0
TV-20230110-2021-4400.webl.h264_82,342.418,349.73,1,1
TV-20230110-2021-4400.webl.h264_83,350.925,372.074,2,5
TV-20230110-2021-4400.webl.h264_84,372.459,395.107,1,1
TV-20230110-2021-4400.webl.h264_85,396.229,405.49,2,3
TV-20230110-2021-4400.webl.h264_86,405.873,421.702,2,3
TV-20230110-2021-4400.webl.h264_87,421.818,429.637,1,1
TV-20230110-2021-4400.webl.h264_88,430.633,453.69,0,0
TV-20230110-2021-4400.webl.h264_89,455.07,475.441,1,1
TV-20230110-2021-4400.webl.h264_90,476.809,490.059,2,3
TV-20230110-2021-4400.webl.h264_91,490.509,505.449,1,1
TV-20230110-2021-4400.webl.h264_92,505.657,520.25,2,3
TV-20230110-2021-4400.webl.h264_93,520.359,526.609,1,1
TV-20230110-2021-4400.webl.h264_94,527.203,540.28,2,5
TV-20230110-2021-4400.webl.h264_95,540.738,552.443,1,1
TV-20230110-2021-4400.webl.h264_96,553.131,582.51,0,0
TV-20230110-2021-4400.webl.h264_97,583.805,599.278,1,1
TV-20230110-2021-4400.webl.h264_98,600.338,611.71,2,4
TV-20230110-2021-4400.webl.h264_99,612.243,629.129,1,1
TV-20230110-2021-4400.webl.h264_100,630.316,644.107,2,5
TV-20230110-2021-4400.webl.h264_101,645.184,675.387,1,1
TV-20230110-2021-4400.webl.h264_102,676.324,697.654,0,0
TV-20230110-2021-4400.webl.h264_103,698.604,715.313,1,1
TV-20230110-2021-4400.webl.h264_104,716.146,720.859,2,2
TV-20230110-2021-4400.webl.h264_105,721.739,751.13,1,1
TV-20230110-2021-4400.webl.h264_106,751.671,761.656,2,5
TV-20230110-2021-4400.webl.h264_107,762.191,773.559,1,1
TV-20230110-2021-4400.webl.h264_108,775.285,795.022,0,0
TV-20230110-2021-4400.webl.h264_109,795.86,832.1,1,1
TV-20230110-2021-4400.webl.h264_110,832.36,848.67,2,5
TV-20230110-2021-4400.webl.h264_111,849.309,853.199,1,1
TV-20230110-2021-4400.webl.h264_112,854.033,872.726,1,1
TV-20230110-2021-4400.webl.h264_113,873.233,877.482,1,1
TV-20230110-2021-4400.webl.h264_114,878.999,882.445,0,0
TV-20230110-2021-4400.webl.h264_115,883.562,929.12,1,1
TV-20230110-2021-4400.webl.h264_116,930.919,948.504,0,0
TV-20220110-2020-5400.webl.h264_117,417.4,442.72,0,0
TV-20220110-2020-5400.webl.h264_118,442.72,467.99,1,1
TV-20220110-2020-5400.webl.h264_119,468.0,478.91,2,4
TV-20220110-2020-5400.webl.h264_120,478.91,492.38,2,4
TV-20220110-2020-5400.webl.h264_121,492.38,517.89,1,1
TV-20220110-2020-5400.webl.h264_122,517.9,542.87,2,5
TV-20220110-2020-5400.webl.h264_123,542.87,550.24,1,1
TV-20220110-2020-5400.webl.h264_124,550.24,558.02,2,5
TV-20220110-2020-5400.webl.h264_125,558.02,566.46,1,1
TV-20220110-2020-5400.webl.h264_126,566.46,584.32,0,0
TV-20230107-2020-5800.webl.h264_127,4.585,7.674,0,0
TV-20230107-2020-5800.webl.h264_128,15.419,17.867,0,0
TV-20230107-2020-5800.webl.h264_129,18.128,47.859,0,0
TV-20230107-2020-5800.webl.h264_130,48.81,54.318,2,5
TV-20230107-2020-5800.webl.h264_131,55.011,104.56,1,1
TV-20230107-2020-5800.webl.h264_132,105.166,122.57,2,5
TV-20230107-2020-5800.webl.h264_133,123.31,149.605,1,1
TV-20230107-2020-5800.webl.h264_134,150.545,172.328,0,0
TV-20230107-2020-5800.webl.h264_135,173.08,213.89,1,1
TV-20230107-2020-5800.webl.h264_136,214.395,229.443,2,5
TV-20230107-2020-5800.webl.h264_137,229.863,236.54,1,1
TV-20230107-2020-5800.webl.h264_138,236.701,252.213,2,5
TV-20230107-2020-5800.webl.h264_139,252.746,264.721,1,1
TV-20230107-2020-5800.webl.h264_140,265.925,289.369,0,0
TV-20230107-2020-5800.webl.h264_141,290.693,310.35,1,1
TV-20230107-2020-5800.webl.h264_142,311.091,324.677,2,5
TV-20230107-2020-5800.webl.h264_143,325.224,334.049,1,1
TV-20230107-2020-5800.webl.h264_144,334.55,347.786,2,5
TV-20230107-2020-5800.webl.h264_145,349.164,364.504,1,1
TV-20230107-2020-5800.webl.h264_146,365.278,378.864,2,3
TV-20230107-2020-5800.webl.h264_147,379.196,394.178,1,1
TV-20230107-2020-5800.webl.h264_148,395.191,553.0,0,0
TV-20230107-2020-5800.webl.h264_149,554.712,568.78,1,1
TV-20230107-2020-5800.webl.h264_150,569.253,580.042,2,4
TV-20230107-2020-5800.webl.h264_151,580.376,609.289,1,1
TV-20230107-2020-5800.webl.h264_152,611.459,634.414,2,4
TV-20230107-2020-5800.webl.h264_153,635.572,656.206,1,1
TV-20230107-2020-5800.webl.h264_154,657.369,684.553,0,0
TV-20230107-2020-5800.webl.h264_155,686.151,698.793,1,1
TV-20230107-2020-5800.webl.h264_156,699.827,716.07,2,5
TV-20230107-2020-5800.webl.h264_157,717.67,729.919,1,1
TV-20230107-2020-5800.webl.h264_158,730.789,744.605,2,3
TV-20230107-2020-5800.webl.h264_159,745.974,766.757,1,1
TV-20230107-2020-5800.webl.h264_160,767.888,780.561,0,0
TV-20230107-2020-5800.webl.h264_161,781.84,816.18,1,1
TV-20230107-2020-5800.webl.h264_162,842.39,887.36,1,1
TV-20220103-2020-2800.webl.h264_163,16.17,50.67,0,0
TV-20220103-2020-2800.webl.h264_164,50.704,72.36,1,1
TV-20220103-2020-2800.webl.h264_165,74.48,84.58,2,3
TV-20220103-2020-2800.webl.h264_166,84.79,105.21,1,1
TV-20220103-2020-2800.webl.h264_167,105.21,110.29,2,4
TV-20220103-2020-2800.webl.h264_168,110.29,115.601,2,4
TV-20220103-2020-2800.webl.h264_169,115.73,137.535,1,1
TV-20220103-2020-2800.webl.h264_170,137.69,146.32,2,5
TV-20220103-2020-2800.webl.h264_171,146.32,153.56,1,1
TV-20220103-2020-2800.webl.h264_172,153.56,166.29,2,5
TV-20220103-2020-2800.webl.h264_173,166.338,173.77,1,1
TV-20220103-2020-2800.webl.h264_174,173.78,201.19,1,1
TV-20220122-2021-3600.webl.h264_175,289.08,311.78,1,1
TV-20220122-2021-3600.webl.h264_176,311.82,322.51,2,3
TV-20220122-2021-3600.webl.h264_177,322.51,341.84,1,1
TV-20220122-2021-3600.webl.h264_178,341.84,353.87,2,5
TV-20220122-2021-3600.webl.h264_179,353.93,381.69,1,1
TV-20220122-2021-3600.webl.h264_180,381.76,396.86,2,3
TV-20220122-2021-3600.webl.h264_181,396.909,406.2,1,1
TV-20220104-2020-5700.webl.h264_182,157.51,186.24,0,0
TV-20220104-2020-5700.webl.h264_183,186.24,218.79,1,1
TV-20220104-2020-5700.webl.h264_184,218.8,232.58,2,5
TV-20220104-2020-5700.webl.h264_185,232.58,265.52,1,1
TV-20220104-2020-5700.webl.h264_186,265.52,278.04,2,3
TV-20220104-2020-5700.webl.h264_187,278.04,290.02,1,1
TV-20220104-2020-5700.webl.h264_188,290.02,300.44,2,5
TV-20220104-2020-5700.webl.h264_189,300.489,311.561,1,1
TV-20220104-2020-5700.webl.h264_190,311.58,340.39,0,0
TV-20220104-2020-5700.webl.h264_191,340.4,360.48,1,1
TV-20220104-2020-5700.webl.h264_192,369.94,379.2,1,1
TV-20220104-2020-5700.webl.h264_193,379.2,401.21,2,3
TV-20220104-2020-5700.webl.h264_194,401.24,413.03,1,1
TV-20220104-2020-5700.webl.h264_195,413.05,419.88,2,4
TV-20220104-2020-5700.webl.h264_196,419.88,429.86,2,4
TV-20220104-2020-5700.webl.h264_197,429.959,439.818,1,1
TV-20220104-2020-5700.webl.h264_198,439.818,457.58,2,5
TV-20220104-2020-5700.webl.h264_199,457.616,465.98,2,4
TV-20220118-1805-1800.webl.h264_200,186.52,216.54,0,0
TV-20220118-1805-1800.webl.h264_201,216.55,228.62,2,4
TV-20220118-1805-1800.webl.h264_202,228.62,231.721,2,5
TV-20220118-1805-1800.webl.h264_203,231.721,240.78,2,4
TV-20220118-1805-1800.webl.h264_204,240.78,256.97,2,5
TV-20220118-1805-1800.webl.h264_205,257.0,285.78,0,0
TV-20220118-1805-1800.webl.h264_206,285.78,305.57,2,3
TV-20220118-1805-1800.webl.h264_207,305.58,315.09,2,4
TV-20220118-1805-1800.webl.h264_208,315.11,387.44,0,0
TV-20220109-2025-2800.webl.h264_209,17.64,48.91,0,0
TV-20220109-2025-2800.webl.h264_210,48.93,76.403,1,1
TV-20220109-2025-2800.webl.h264_211,76.52,89.05,2,5
TV-20220109-2025-2800.webl.h264_212,89.05,96.13,1,1
TV-20220109-2025-2800.webl.h264_213,96.13,105.44,2,5
TV-20220109-2025-2800.webl.h264_214,105.633,178.33,1,1
TV-20230113-2023-1700.webl.h264_215,4.6,7.688,0,0
TV-20230113-2023-1700.webl.h264_216,15.368,17.757,0,0
TV-20230113-2023-1700.webl.h264_217,18.145,45.858,0,0
TV-20230113-2023-1700.webl.h264_218,47.258,58.42,1,1
TV-20230113-2023-1700.webl.h264_219,59.523,72.685,2,5
TV-20230113-2023-1700.webl.h264_220,73.084,99.254,1,1
TV-20230113-2023-1700.webl.h264_221,99.938,110.977,2,5
TV-20230113-2023-1700.webl.h264_222,111.433,140.383,1,1
TV-20230113-2023-1700.webl.h264_223,141.427,172.97,0,0
TV-20230113-2023-1700.webl.h264_224,173.9,175.76,2,2
TV-20230113-2023-1700.webl.h264_225,176.02,204.36,1,1
TV-20230113-2023-1700.webl.h264_226,204.618,217.01,2,2
TV-20230113-2023-1700.webl.h264_227,217.229,259.36,1,1
TV-20230113-2023-1700.webl.h264_228,259.408,266.9,2,4
TV-20230113-2023-1700.webl.h264_229,267.053,270.333,1,1
TV-20230113-2023-1700.webl.h264_230,271.863,318.61,0,0
TV-20230113-2023-1700.webl.h264_231,319.202,334.425,1,1
TV-20230113-2023-1700.webl.h264_232,334.77,341.254,2,3
TV-20230113-2023-1700.webl.h264_233,341.674,353.313,1,1
TV-20230113-2023-1700.webl.h264_234,353.83,364.363,2,3
TV-20230113-2023-1700.webl.h264_235,364.885,375.092,1,1
TV-20230113-2023-1700.webl.h264_236,375.809,382.92,2,5
TV-20230113-2023-1700.webl.h264_237,383.225,412.567,1,1
TV-20230113-2023-1700.webl.h264_238,413.595,464.075,0,0
TV-20230113-2023-1700.webl.h264_239,465.613,485.316,1,1
TV-20230113-2023-1700.webl.h264_240,486.03,506.657,0,0
TV-20230113-2023-1700.webl.h264_241,507.52,525.709,1,1
TV-20230113-2023-1700.webl.h264_242,526.461,538.43,2,5
TV-20230113-2023-1700.webl.h264_243,538.998,548.617,1,1
TV-20230113-2023-1700.webl.h264_244,549.248,563.36,2,3
TV-20230113-2023-1700.webl.h264_245,563.801,567.914,1,1
TV-20230113-2023-1700.webl.h264_246,569.865,596.373,0,0
TV-20230113-2023-1700.webl.h264_247,597.872,607.242,1,1
TV-20230113-2023-1700.webl.h264_248,608.457,619.89,2,5
TV-20230113-2023-1700.webl.h264_249,620.167,628.74,1,1
TV-20230113-2023-1700.webl.h264_250,629.557,642.95,2,5
TV-20230113-2023-1700.webl.h264_251,643.128,647.861,1,1
TV-20230113-2023-1700.webl.h264_252,648.503,660.071,2,3
TV-20230113-2023-1700.webl.h264_253,660.34,678.349,1,1
TV-20230113-2023-1700.webl.h264_254,679.067,690.072,2,5
TV-20230113-2023-1700.webl.h264_255,690.964,704.542,1,1
TV-20230113-2023-1700.webl.h264_256,705.678,745.361,0,0
TV-20230113-2023-1700.webl.h264_257,746.295,807.676,1,1
TV-20230113-2023-1700.webl.h264_258,808.876,839.62,0,0
TV-20230113-2023-1700.webl.h264_259,840.712,889.58,1,1
TV-20230113-2023-1700.webl.h264_260,892.205,910.375,0,0
TV-20220119-2023-5600.webl.h264_261,15.72,66.02,0,0
TV-20220119-2023-5600.webl.h264_262,66.02,85.7,1,1
TV-20220119-2023-5600.webl.h264_263,85.7,99.53,2,3
TV-20220119-2023-5600.webl.h264_264,99.54,122.44,1,1
TV-20220119-2023-5600.webl.h264_265,122.49,131.91,2,3
TV-20220119-2023-5600.webl.h264_266,131.91,138.88,1,1
TV-20220119-2023-5600.webl.h264_267,138.88,156.87,2,5
TV-20220119-2023-5600.webl.h264_268,156.87,177.44,1,1
TV-20220111-2050-1700.webl.h264_269,305.36,339.62,0,0
TV-20220111-2050-1700.webl.h264_270,339.729,362.81,1,1
TV-20220111-2050-1700.webl.h264_271,362.81,375.11,2,5
TV-20220111-2050-1700.webl.h264_272,375.144,388.826,1,1
TV-20220111-2050-1700.webl.h264_273,388.826,402.34,2,5
TV-20220111-2050-1700.webl.h264_274,402.34,409.68,1,1
TV-20220111-2050-1700.webl.h264_275,409.68,416.53,2,5
TV-20220111-2050-1700.webl.h264_276,416.617,432.84,1,1
TV-20220111-2050-1700.webl.h264_277,432.84,440.28,2,5
TV-20220102-2021-1800.webl.h264_278,179.32,210.78,0,0
TV-20220102-2021-1800.webl.h264_279,210.78,247.04,1,1
TV-20220102-2021-1800.webl.h264_280,247.05,274.08,2,3
TV-20220102-2021-1800.webl.h264_281,274.25,284.32,1,1
TV-20220102-2021-1800.webl.h264_282,284.34,292.45,2,3
TV-20220102-2021-1800.webl.h264_283,292.49,300.716,1,1
TV-20220102-2021-1800.webl.h264_284,300.76,320.6,2,5
TV-20220102-2021-1800.webl.h264_285,320.78,329.739,1,1
TV-20220102-2021-1800.webl.h264_286,329.739,382.652,2,4
TV-20220102-2021-1800.webl.h264_287,382.76,413.91,0,0
TV-20220102-2021-1800.webl.h264_288,413.91,424.16,1,1
TV-20220102-2021-1800.webl.h264_289,424.16,430.662,2,4
TV-20220102-2021-1800.webl.h264_290,430.662,437.81,2,4
TV-20220102-2021-1800.webl.h264_291,437.81,452.43,1,1
TV-20220102-2021-1800.webl.h264_292,452.43,460.04,2,4
TV-20220102-2021-1800.webl.h264_293,460.05,503.68,1,1
TV-20220102-2021-1800.webl.h264_294,503.68,525.53,1,1
TV-20220106-2021-1700.webl.h264_295,182.42,236.6,0,0
TV-20220106-2021-1700.webl.h264_296,236.63,265.76,1,1
TV-20220106-2021-1700.webl.h264_297,265.77,285.12,2,5
TV-20220106-2021-1700.webl.h264_298,285.12,303.47,1,1
TV-20220106-2021-1700.webl.h264_299,303.47,319.29,2,5
TV-20220106-2021-1700.webl.h264_300,319.29,329.34,1,1
TV-20220106-2021-1700.webl.h264_301,339.3,346.8,1,1
TV-20220106-2021-1700.webl.h264_302,346.8,380.25,0,0
TV-20220106-2021-1700.webl.h264_303,380.25,406.309,1,1
TV-20220106-2021-1700.webl.h264_304,406.323,415.788,2,3
TV-20220106-2021-1700.webl.h264_305,415.82,426.36,1,1
TV-20220106-2021-1700.webl.h264_306,426.4,449.014,2,3
TV-20220106-2021-1700.webl.h264_307,449.028,456.309,1,1
TV-20220106-2021-1700.webl.h264_308,456.309,468.154,2,3
TV-20220106-2021-1700.webl.h264_309,468.154,473.16,1,1
TV-20220107-2024-3000.webl.h264_310,22.9,53.229,0,0
TV-20220107-2024-3000.webl.h264_311,53.309,66.74,1,1
TV-20220107-2024-3000.webl.h264_312,66.74,86.53,2,5
TV-20220107-2024-3000.webl.h264_313,86.535,126.38,1,1
TV-20220107-2024-3000.webl.h264_314,126.38,143.76,2,5
TV-20220107-2024-3000.webl.h264_315,143.76,159.07,1,1
TV-20220107-2024-3000.webl.h264_316,159.17,168.2,2,5
TV-20220107-2024-3000.webl.h264_317,168.528,183.01,1,1
TV-20220107-2024-3000.webl.h264_318,198.28,206.729,1,1
TV-20220107-2024-3000.webl.h264_319,206.74,213.04,0,0
TV-20220107-2024-3000.webl.h264_320,213.19,279.93,1,1
TV-20220107-2024-3000.webl.h264_321,279.93,311.55,0,0
TV-20220107-2024-3000.webl.h264_322,311.55,328.93,1,1
TV-20220107-2024-3000.webl.h264_323,328.93,342.37,2,4
TV-20220107-2024-3000.webl.h264_324,342.37,359.54,1,1
TV-20220107-2024-3000.webl.h264_325,359.56,375.64,2,3
TV-20220107-2024-3000.webl.h264_326,375.64,386.56,1,1
TV-20220107-2024-3000.webl.h264_327,402.07,413.77,1,1
TV-20220107-2024-3000.webl.h264_328,413.77,430.19,2,3
TV-20220107-2024-3000.webl.h264_329,430.22,437.31,1,1
TV-20220115-2022-0900.webl.h264_330,297.34,324.33,0,0
TV-20220115-2022-0900.webl.h264_331,324.34,345.47,1,1
TV-20220115-2022-0900.webl.h264_332,345.47,363.1,2,3
TV-20220115-2022-0900.webl.h264_333,363.12,382.2,1,1
TV-20220115-2022-0900.webl.h264_334,382.42,390.64,2,4
TV-20220115-2022-0900.webl.h264_335,390.66,406.53,1,1
TV-20220115-2022-0900.webl.h264_336,406.53,421.68,2,3
TV-20220115-2022-0900.webl.h264_337,421.743,430.81,1,1
TV-20220115-2022-0900.webl.h264_338,479.44,487.73,1,1
TV-20220115-2022-0900.webl.h264_339,487.73,493.18,2,4
TV-20220115-2022-0900.webl.h264_340,493.18,516.15,1,1
TV-20220115-2022-0900.webl.h264_341,516.16,523.76,2,4
TV-20220115-2022-0900.webl.h264_342,523.77,534.17,2,4
TV-20220115-2022-0900.webl.h264_343,534.19,575.36,1,1
TV-20220121-2020-0300.webl.h264_344,584.56,613.37,1,1
TV-20220121-2020-0300.webl.h264_345,613.42,626.44,1,1
TV-20220121-2020-0300.webl.h264_346,626.46,636.53,2,3
TV-20220121-2020-0300.webl.h264_347,636.63,650.52,1,1
TV-20220121-2020-0300.webl.h264_348,661.14,669.13,1,1
TV-20220121-2020-0300.webl.h264_349,669.13,679.59,2,3
TV-20220121-2020-0300.webl.h264_350,679.59,699.44,1,1
TV-20220121-2020-0300.webl.h264_351,699.44,714.6,2,3
TV-20220121-2020-0300.webl.h264_352,714.6,721.87,1,1
TV-20220114-2036-2200.webl.h264_353,16.22,58.22,0,0
TV-20220114-2036-2200.webl.h264_354,58.414,85.525,1,1
TV-20220114-2036-2200.webl.h264_355,86.22,105.94,2,3
TV-20220114-2036-2200.webl.h264_356,105.94,120.89,1,1
TV-20220114-2036-2200.webl.h264_357,120.89,129.82,2,3
TV-20220114-2036-2200.webl.h264_358,129.83,145.42,1,1
TV-20220114-2036-2200.webl.h264_359,168.78,179.0,1,1
TV-20220114-2036-2200.webl.h264_360,179.0,227.52,0,0
TV-20220123-2024-3200.webl.h264_361,23.36,49.48,0,0
TV-20220123-2024-3200.webl.h264_362,49.49,71.424,1,1
TV-20220123-2024-3200.webl.h264_363,92.368,103.339,1,1
TV-20220123-2024-3200.webl.h264_364,103.339,119.191,2,3
TV-20220123-2024-3200.webl.h264_365,119.371,151.85,1,1
TV-20220123-2024-3200.webl.h264_366,152.191,168.243,2,5
TV-20220123-2024-3200.webl.h264_367,168.247,187.376,1,1
TV-20230101-2021-5900.webl.h264_368,4.83,8.06,1,1
TV-20230101-2021-5900.webl.h264_369,15.67,18.119,1,1
TV-20230101-2021-5900.webl.h264_370,18.308,50.49,0,0
TV-20230101-2021-5900.webl.h264_371,51.75,71.14,1,1
TV-20230101-2021-5900.webl.h264_372,71.549,87.03,2,2
TV-20230101-2021-5900.webl.h264_373,87.642,116.68,1,1
TV-20230101-2021-5900.webl.h264_374,116.874,130.999,2,2
TV-20230101-2021-5900.webl.h264_375,131.588,140.657,1,1
TV-20230101-2021-5900.webl.h264_376,142.097,193.9,0,0
TV-20230101-2021-5900.webl.h264_377,195.146,208.8,1,1
TV-20230101-2021-5900.webl.h264_378,209.724,224.847,2,4
TV-20230101-2021-5900.webl.h264_379,224.97,233.885,2,4
TV-20230101-2021-5900.webl.h264_380,234.37,251.508,1,1
TV-20230101-2021-5900.webl.h264_381,251.698,261.924,2,5
TV-20230101-2021-5900.webl.h264_382,264.633,293.91,1,1
TV-20230101-2021-5900.webl.h264_383,294.424,317.582,0,0
TV-20230101-2021-5900.webl.h264_384,318.227,335.754,1,1
TV-20230101-2021-5900.webl.h264_385,336.322,357.588,1,1
TV-20230101-2021-5900.webl.h264_386,358.307,366.456,1,1
TV-20230101-2021-5900.webl.h264_387,366.605,377.813,2,2
TV-20230101-2021-5900.webl.h264_388,378.648,386.729,1,1
TV-20230101-2021-5900.webl.h264_389,387.088,405.611,2,2
TV-20230101-2021-5900.webl.h264_390,406.02,413.565,1,1
TV-20230101-2021-5900.webl.h264_391,414.023,498.48,0,0
TV-20230101-2021-5900.webl.h264_392,499.902,514.61,1,1
TV-20230101-2021-5900.webl.h264_393,516.235,531.498,2,5
TV-20230101-2021-5900.webl.h264_394,532.826,562.23,1,1
TV-20230101-2021-5900.webl.h264_395,562.9,578.38,2,5
TV-20230101-2021-5900.webl.h264_396,579.809,597.711,1,1
TV-20230101-2021-5900.webl.h264_397,598.448,625.962,0,0
TV-20230101-2021-5900.webl.h264_398,626.798,636.18,1,1
TV-20230101-2021-5900.webl.h264_399,636.249,640.18,2,3
TV-20230101-2021-5900.webl.h264_400,640.688,671.39,1,1
TV-20230101-2021-5900.webl.h264_401,672.7,682.36,2,3
TV-20230101-2021-5900.webl.h264_402,682.58,685.95,1,1
TV-20230101-2021-5900.webl.h264_403,686.188,691.98,2,4
TV-20230101-2021-5900.webl.h264_404,692.13,702.15,2,4
TV-20230101-2021-5900.webl.h264_405,702.489,706.59,2,4
TV-20230101-2021-5900.webl.h264_406,706.69,709.25,2,4
TV-20230101-2021-5900.webl.h264_407,709.672,720.486,1,1
TV-20230101-2021-5900.webl.h264_408,721.395,738.47,0,0
TV-20230101-2021-5900.webl.h264_409,739.678,745.58,1,1
TV-20230101-2021-5900.webl.h264_410,746.4,752.19,2,2
TV-20230101-2021-5900.webl.h264_411,752.564,779.8,1,1
TV-20230101-2021-5900.webl.h264_412,781.606,790.91,2,2
TV-20230101-2021-5900.webl.h264_413,791.611,805.205,1,1
TV-20230101-2021-5900.webl.h264_414,806.06,839.071,1,1
TV-20230101-2021-5900.webl.h264_415,844.159,848.53,0,0
TV-20230101-2021-5900.webl.h264_416,849.269,895.98,1,1
TV-20230101-2021-5900.webl.h264_417,898.18,904.699,0,0
TV-20230116-2021-1400.webl.h264_418,4.443,7.59,0,0
TV-20230116-2021-1400.webl.h264_419,15.102,17.674,0,0
TV-20230116-2021-1400.webl.h264_420,18.207,46.921,0,0
TV-20230116-2021-1400.webl.h264_421,47.999,101.13,1,1
TV-20230116-2021-1400.webl.h264_422,101.509,109.04,2,5
TV-20230116-2021-1400.webl.h264_423,109.339,136.55,1,1
TV-20230116-2021-1400.webl.h264_424,136.673,151.07,2,5
TV-20230116-2021-1400.webl.h264_425,151.63,159.21,1,1
TV-20230116-2021-1400.webl.h264_426,160.123,171.713,2,5
TV-20230116-2021-1400.webl.h264_427,172.49,177.27,1,1
TV-20230116-2021-1400.webl.h264_428,178.188,194.097,2,5
TV-20230116-2021-1400.webl.h264_429,194.378,206.214,1,1
TV-20230116-2021-1400.webl.h264_430,207.48,212.448,0,0
TV-20230116-2021-1400.webl.h264_431,213.728,239.604,1,1
TV-20230116-2021-1400.webl.h264_432,240.571,243.457,0,0
TV-20230116-2021-1400.webl.h264_433,244.87,285.334,1,1
TV-20230116-2021-1400.webl.h264_434,286.429,319.31,0,0
TV-20230116-2021-1400.webl.h264_435,320.682,396.24,1,1
TV-20230116-2021-1400.webl.h264_436,397.08,407.038,2,5
TV-20230116-2021-1400.webl.h264_437,407.828,417.793,1,1
TV-20230116-2021-1400.webl.h264_438,419.077,441.084,0,0
TV-20230116-2021-1400.webl.h264_439,442.263,466.673,1,1
TV-20230116-2021-1400.webl.h264_440,467.018,479.799,2,5
TV-20230116-2021-1400.webl.h264_441,480.903,499.31,1,1
TV-20230116-2021-1400.webl.h264_442,499.524,514.78,2,5
TV-20230116-2021-1400.webl.h264_443,515.476,527.835,1,1
TV-20230116-2021-1400.webl.h264_444,529.153,616.518,0,0
TV-20230116-2021-1400.webl.h264_445,618.097,633.627,1,1
TV-20230116-2021-1400.webl.h264_446,634.537,652.83,2,5
TV-20230116-2021-1400.webl.h264_447,653.579,667.69,1,1
TV-20230116-2021-1400.webl.h264_448,668.285,685.614,2,3
TV-20230116-2021-1400.webl.h264_449,685.908,708.67,1,1
TV-20230116-2021-1400.webl.h264_450,710.25,769.839,0,0
TV-20230116-2021-1400.webl.h264_451,771.239,807.622,1,1
TV-20230116-2021-1400.webl.h264_452,807.768,809.737,2,2
TV-20230116-2021-1400.webl.h264_453,810.628,822.943,1,1
TV-20230116-2021-1400.webl.h264_454,823.319,827.666,2,2
TV-20230116-2021-1400.webl.h264_455,848.751,861.79,2,2
TV-20230116-2021-1400.webl.h264_456,861.959,866.889,1,1
TV-20230116-2021-1400.webl.h264_457,871.072,875.35,0,0
TV-20230116-2021-1400.webl.h264_458,876.34,920.93,1,1
TV-20230116-2021-1400.webl.h264_459,923.762,937.874,0,0
TV-20230104-2024-3400.webl.h264_460,4.45,7.538,0,0
TV-20230104-2024-3400.webl.h264_461,15.152,17.741,0,0
TV-20230104-2024-3400.webl.h264_462,17.798,47.299,0,0
TV-20230104-2024-3400.webl.h264_463,48.358,81.212,1,1
TV-20230104-2024-3400.webl.h264_464,81.372,88.554,2,5
TV-20230104-2024-3400.webl.h264_465,89.466,124.08,1,1
TV-20230104-2024-3400.webl.h264_466,124.559,133.459,2,5
TV-20230104-2024-3400.webl.h264_467,133.831,144.261,1,1
TV-20230104-2024-3400.webl.h264_468,145.361,151.31,0,0
TV-20230104-2024-3400.webl.h264_469,153.681,207.46,1,1
TV-20230104-2024-3400.webl.h264_470,208.272,238.29,0,0
TV-20230104-2024-3400.webl.h264_471,238.857,263.325,1,1
TV-20230104-2024-3400.webl.h264_472,263.885,280.43,2,5
TV-20230104-2024-3400.webl.h264_473,280.789,310.27,1,1
TV-20230104-2024-3400.webl.h264_474,310.622,330.156,2,3
TV-20230104-2024-3400.webl.h264_475,331.042,348.295,1,1
TV-20230104-2024-3400.webl.h264_476,349.368,381.967,0,0
TV-20230104-2024-3400.webl.h264_477,382.914,402.905,0,0
TV-20230104-2024-3400.webl.h264_478,404.261,428.15,2,4
TV-20230104-2024-3400.webl.h264_479,428.62,436.86,2,4
TV-20230104-2024-3400.webl.h264_480,437.412,451.366,0,0
TV-20230104-2024-3400.webl.h264_481,451.596,463.43,2,3
TV-20230104-2024-3400.webl.h264_482,463.873,473.929,1,1
TV-20230104-2024-3400.webl.h264_483,474.521,490.738,2,3
TV-20230104-2024-3400.webl.h264_484,490.834,499.763,1,1
TV-20230104-2024-3400.webl.h264_485,500.017,508.77,2,3
TV-20230104-2024-3400.webl.h264_486,508.922,517.105,1,1
TV-20230104-2024-3400.webl.h264_487,518.444,548.016,0,0
TV-20230104-2024-3400.webl.h264_488,549.033,566.905,1,1
TV-20230104-2024-3400.webl.h264_489,568.325,577.86,2,5
TV-20230104-2024-3400.webl.h264_490,578.226,595.96,1,1
TV-20230104-2024-3400.webl.h264_491,596.348,604.77,2,5
TV-20230104-2024-3400.webl.h264_492,604.772,618.276,2,5
TV-20230104-2024-3400.webl.h264_493,618.701,654.24,1,1
TV-20230104-2024-3400.webl.h264_494,655.05,756.84,0,0
TV-20230104-2024-3400.webl.h264_495,758.03,828.51,1,1
TV-20230104-2024-3400.webl.h264_496,830.497,855.25,0,0
TV-20230104-2024-3400.webl.h264_497,855.899,903.75,1,1
TV-20230104-2024-3400.webl.h264_498,905.597,921.313,0,0
TV-20220116-2023-3500.webl.h264_499,51.5,62.05,1,1
TV-20220116-2023-3500.webl.h264_500,62.05,72.89,2,3
TV-20220116-2023-3500.webl.h264_501,72.91,84.406,1,1
TV-20220116-2023-3500.webl.h264_502,84.44,98.55,2,4
TV-20220116-2023-3500.webl.h264_503,98.55,138.76,1,1
TV-20220116-2023-3500.webl.h264_504,138.76,146.92,2,4
TV-20220116-2023-3500.webl.h264_505,146.92,156.609,1,1
TV-20220116-2023-3500.webl.h264_506,156.609,170.19,2,5
TV-20220116-2023-3500.webl.h264_507,170.2,183.57,1,1
TV-20220116-2023-3500.webl.h264_508,183.57,234.58,0,0
TV-20220116-2023-3500.webl.h264_509,255.181,270.19,1,1
TV-20220116-2023-3500.webl.h264_510,270.25,276.77,2,4
TV-20220116-2023-3500.webl.h264_511,276.922,307.222,1,1
TV-20220116-2023-3500.webl.h264_512,307.222,322.86,2,5
TV-20220116-2023-3500.webl.h264_513,322.86,335.817,1,1
TV-20220116-2023-3500.webl.h264_514,335.817,352.18,1,1
TV-20220108-2023-3400.webl.h264_515,15.76,60.4,0,0
TV-20220108-2023-3400.webl.h264_516,60.4,84.82,1,1
TV-20220108-2023-3400.webl.h264_517,84.84,97.164,2,5
TV-20220108-2023-3400.webl.h264_518,97.251,135.656,1,1
TV-20220108-2023-3400.webl.h264_519,135.656,152.268,2,3
TV-20220108-2023-3400.webl.h264_520,152.299,172.728,1,1
TV-20220108-2023-3400.webl.h264_521,172.728,185.044,2,5
TV-20220108-2023-3400.webl.h264_522,185.044,192.8,1,1
TV-20220108-2023-3400.webl.h264_523,192.835,211.686,0,0
TV-20220108-2023-3400.webl.h264_524,211.704,225.343,1,1
TV-20220108-2023-3400.webl.h264_525,225.343,241.089,2,4
TV-20220108-2023-3400.webl.h264_526,241.089,261.91,1,1
TV-20220108-2023-3400.webl.h264_527,262.029,268.611,2,4
TV-20220108-2023-3400.webl.h264_528,268.641,291.223,1,1
TV-20220108-2023-3400.webl.h264_529,291.417,308.742,2,2
TV-20220108-2023-3400.webl.h264_530,309.0,324.104,1,1
TV-20220108-2023-3400.webl.h264_531,324.119,347.47,0,0
TV-20220112-2020-3600.webl.h264_532,15.48,43.71,0,0
TV-20220112-2020-3600.webl.h264_533,43.721,54.172,1,1
TV-20220112-2020-3600.webl.h264_534,54.3,74.647,2,5
TV-20220112-2020-3600.webl.h264_535,74.647,85.652,1,1
TV-20220112-2020-3600.webl.h264_536,85.652,95.289,2,4
TV-20220112-2020-3600.webl.h264_537,95.289,102.847,2,4
TV-20220112-2020-3600.webl.h264_538,102.847,111.836,1,1
TV-20220112-2020-3600.webl.h264_539,111.852,135.836,2,3
TV-20220112-2020-3600.webl.h264_540,135.922,142.836,1,1
TV-20220112-2020-3600.webl.h264_541,142.842,170.615,2,3
TV-20220112-2020-3600.webl.h264_542,170.615,180.563,1,1
TV-20220112-2020-3600.webl.h264_543,180.621,227.094,0,0
TV-20220112-2020-3600.webl.h264_544,227.114,244.763,1,1
TV-20220112-2020-3600.webl.h264_545,244.774,254.121,2,5
TV-20220112-2020-3600.webl.h264_546,254.121,265.772,1,1
TV-20220112-2020-3600.webl.h264_547,265.772,277.894,2,5
TV-20220112-2020-3600.webl.h264_548,277.91,286.094,1,1
TV-20220112-2020-3600.webl.h264_549,297.426,307.889,2,5
TV-20220112-2020-3600.webl.h264_550,307.894,312.478,1,1
TV-20220112-2020-3600.webl.h264_551,312.478,324.005,2,5
TV-20220112-2020-3600.webl.h264_552,324.021,332.805,1,1
TV-20220112-2020-3600.webl.h264_553,332.836,344.726,2,5
COMPACTTV-2023-02-17-4cdf6691_1,11.603,21.018,0,0
COMPACTTV-2023-02-17-4cdf6691_2,22.67,37.246,1,1
COMPACTTV-2023-02-17-4cdf6691_3,38.245,53.973,0,0
COMPACTTV-2023-02-17-4cdf6691_4,53.973,119.563,1,1
COMPACTTV-2023-02-17-4cdf6691_5,120.09,123.19,0,0
COMPACTTV-2023-02-17-4cdf6691_6,124.37,191.832,1,1
COMPACTTV-2023-02-17-4cdf6691_7,192.672,206.389,0,0
COMPACTTV-2023-02-17-4cdf6691_8,206.62,260.85,2,3
COMPACTTV-2023-02-17-4cdf6691_9,260.85,282.913,0,0
COMPACTTV-2023-02-17-4cdf6691_10,282.913,299.05,2,5
COMPACTTV-2023-02-17-4cdf6691_11,299.06,311.961,0,0
COMPACTTV-2023-02-17-4cdf6691_12,317.214,419.07,1,1
COMPACTTV-2023-02-17-4cdf6691_13,419.84,478.72,1,1
COMPACTTV-2023-02-17-4cdf6691_14,478.72,479.05,1,1
COMPACTTV-2023-02-17-4cdf6691_15,479.103,490.31,1,1
COMPACTTV-2023-02-17-4cdf6691_16,490.313,555.85,1,1
COMPACTTV-2023-02-17-4cdf6691_17,555.85,581.48,1,1
COMPACTTV-2023-02-17-4cdf6691_18,581.48,581.854,1,1
COMPACTTV-2023-02-17-4cdf6691_19,581.854,614.55,1,1
COMPACTTV-2023-02-17-4cdf6691_20,614.95,629.359,1,1
COMPACTTV-2023-02-17-4cdf6691_21,629.359,715.202,1,1
COMPACTTV-2023-02-17-4cdf6691_22,715.63,738.583,1,1
COMPACTTV-2023-02-17-4cdf6691_23,739.746,756.344,1,1
COMPACTTV-2023-02-17-4cdf6691_24,775.393,793.561,2,5
COMPACTTV-2023-02-17-4cdf6691_25,800.762,828.02,0,0
COMPACTTV-2023-02-17-4cdf6691_26,831.2,837.81,1,1
COMPACTTV-2023-02-17-4cdf6691_27,837.962,864.363,2,2
COMPACTTV-2023-02-17-4cdf6691_28,864.583,867.394,1,1
COMPACTTV-2023-02-17-4cdf6691_29,867.602,887.038,2,2
COMPACTTV-2023-02-17-4cdf6691_30,887.278,893.03,1,1
COMPACTTV-2023-02-17-4cdf6691_31,893.063,913.441,2,2
COMPACTTV-2023-02-17-4cdf6691_32,913.642,929.217,1,1
COMPACTTV-2023-02-17-4cdf6691_33,932.113,934.671,2,2
COMPACTTV-2023-02-17-4cdf6691_34,937.744,946.231,0,0
COMPACTTV-2023-02-17-4cdf6691_35,947.398,1098.431,1,1
COMPACTTV-2023-02-17-4cdf6691_36,1099.153,1124.043,0,0
COMPACTTV-2023-02-17-4cdf6691_37,1127.22,1153.434,1,1
compacttv_2022_01_26_wzQkoDUGMSA_38,94.033,120.44,0,0
compacttv_2022_01_26_wzQkoDUGMSA_39,120.44,126.25,1,1
compacttv_2022_01_26_wzQkoDUGMSA_40,145.39,156.55,1,1
compacttv_2022_01_26_wzQkoDUGMSA_41,156.55,195.86,1,1
compacttv_2022_01_26_wzQkoDUGMSA_42,195.86,240.266,0,0
compacttv_2022_01_26_wzQkoDUGMSA_43,659.72,695.04,0,0
compacttv_2022_01_26_wzQkoDUGMSA_44,695.04,705.058,1,1
compacttv_2022_01_26_wzQkoDUGMSA_45,705.092,720.857,2,3
compacttv_2022_01_26_wzQkoDUGMSA_46,720.886,748.44,1,1
compacttv_2022_01_26_wzQkoDUGMSA_47,748.45,765.17,2,3
compacttv_2022_01_26_wzQkoDUGMSA_48,765.18,768.8,1,1
compacttv_2022_01_21_l8TwbvtsSkc_49,190.508,199.809,2,4
compacttv_2022_01_21_l8TwbvtsSkc_50,199.809,215.34,1,1
compacttv_2022_01_21_l8TwbvtsSkc_51,215.34,229.579,2,4
compacttv_2022_01_21_l8TwbvtsSkc_52,229.579,237.4,1,1
compacttv_2022_01_11__kAfWRM5wZQ_53,105.96,123.52,1,1
compacttv_2022_01_11__kAfWRM5wZQ_54,165.47,196.86,1,1
compacttv_2022_01_11__kAfWRM5wZQ_55,196.87,231.97,0,0
COMPACTTV-2023-02-20-affc3668_56,12.506,22.139,0,0
COMPACTTV-2023-02-20-affc3668_57,23.458,38.387,1,1
COMPACTTV-2023-02-20-affc3668_58,39.461,59.235,0,0
COMPACTTV-2023-02-20-affc3668_59,59.367,135.934,1,1
COMPACTTV-2023-02-20-affc3668_60,136.166,138.955,0,0
COMPACTTV-2023-02-20-affc3668_61,139.96,214.768,1,1
COMPACTTV-2023-02-20-affc3668_62,216.297,236.77,0,0
COMPACTTV-2023-02-20-affc3668_63,238.479,248.276,2,5
COMPACTTV-2023-02-20-affc3668_64,252.78,266.93,2,5
COMPACTTV-2023-02-20-affc3668_65,269.578,292.239,1,1
COMPACTTV-2023-02-20-affc3668_66,300.193,320.634,2,5
COMPACTTV-2023-02-20-affc3668_67,322.151,340.491,1,1
COMPACTTV-2023-02-20-affc3668_68,349.524,365.271,0,0
COMPACTTV-2023-02-20-affc3668_69,372.192,419.59,0,0
COMPACTTV-2023-02-20-affc3668_70,423.459,499.14,1,1
COMPACTTV-2023-02-20-affc3668_71,499.226,649.891,1,1
COMPACTTV-2023-02-20-affc3668_72,649.95,717.017,1,1
COMPACTTV-2023-02-20-affc3668_73,717.296,798.62,1,1
COMPACTTV-2023-02-20-affc3668_74,798.826,872.944,1,1
COMPACTTV-2023-02-20-affc3668_75,873.367,970.671,1,1
COMPACTTV-2023-02-20-affc3668_76,972.05,983.714,1,1
COMPACTTV-2023-02-20-affc3668_77,987.666,1005.978,0,0
COMPACTTV-2023-02-20-affc3668_78,1014.549,1020.961,1,1
COMPACTTV-2023-02-20-affc3668_79,1020.961,1088.605,2,2
COMPACTTV-2023-02-20-affc3668_80,1089.129,1100.35,0,0
COMPACTTV-2023-02-20-affc3668_81,1101.502,1263.8,1,1
COMPACTTV-2023-02-20-affc3668_82,1264.932,1288.486,0,0
COMPACTTV-2023-02-20-affc3668_83,1293.851,1297.411,1,1
COMPACTTV-2023-02-20-affc3668_84,1302.47,1310.296,2,5
COMPACTTV-2023-02-02-e1d6c7b5_85,12.277,20.596,0,0
COMPACTTV-2023-02-02-e1d6c7b5_86,20.999,37.282,1,1
COMPACTTV-2023-02-02-e1d6c7b5_87,37.84,54.636,0,0
COMPACTTV-2023-02-02-e1d6c7b5_88,55.149,129.527,1,1
COMPACTTV-2023-02-02-e1d6c7b5_89,129.604,134.869,0,0
COMPACTTV-2023-02-02-e1d6c7b5_90,136.22,216.948,1,1
COMPACTTV-2023-02-02-e1d6c7b5_91,217.165,233.565,0,0
COMPACTTV-2023-02-02-e1d6c7b5_92,234.617,361.216,1,1
COMPACTTV-2023-02-02-e1d6c7b5_93,368.213,384.417,0,0
COMPACTTV-2023-02-02-e1d6c7b5_94,385.075,432.34,2,5
COMPACTTV-2023-02-02-e1d6c7b5_95,433.285,444.169,0,0
COMPACTTV-2023-02-02-e1d6c7b5_96,447.734,496.85,1,1
COMPACTTV-2023-02-02-e1d6c7b5_97,497.721,552.39,1,1
COMPACTTV-2023-02-02-e1d6c7b5_98,553.015,582.961,1,1
COMPACTTV-2023-02-02-e1d6c7b5_99,583.534,744.998,1,1
COMPACTTV-2023-02-02-e1d6c7b5_100,745.266,786.16,1,1
COMPACTTV-2023-02-02-e1d6c7b5_101,786.87,987.1,1,1
COMPACTTV-2023-02-02-e1d6c7b5_102,987.439,1023.71,1,1
COMPACTTV-2023-02-02-e1d6c7b5_103,1024.077,1123.983,1,1
COMPACTTV-2023-02-02-e1d6c7b5_104,1124.32,1186.337,1,1
COMPACTTV-2023-02-02-e1d6c7b5_105,1193.097,1214.73,0,0
COMPACTTV-2023-02-02-e1d6c7b5_106,1215.147,1229.282,1,1
COMPACTTV-2023-02-02-e1d6c7b5_107,1229.668,1264.068,2,5
COMPACTTV-2023-02-02-e1d6c7b5_108,1264.681,1286.464,1,1
COMPACTTV-2023-02-02-e1d6c7b5_109,1287.306,1319.8,2,5
COMPACTTV-2023-02-02-e1d6c7b5_110,1320.37,1321.13,1,1
COMPACTTV-2023-02-02-e1d6c7b5_111,1321.432,1332.69,0,0
COMPACTTV-2023-02-02-e1d6c7b5_112,1332.849,1454.525,1,1
COMPACTTV-2023-02-02-e1d6c7b5_113,1455.186,1473.079,0,0
COMPACTTV-2023-02-02-e1d6c7b5_114,1475.75,1479.165,1,1
COMPACTTV-2023-02-02-e1d6c7b5_115,1479.315,1491.05,2,4
COMPACTTV-2023-02-02-e1d6c7b5_116,1492.215,1497.12,1,1
compacttv_2022_01_18_zwJZgvrfy4c_117,676.233,694.388,0,0
compacttv_2022_01_18_zwJZgvrfy4c_118,694.388,736.184,1,1
COMPACTTV-2023-02-28-6ac03a05_119,11.25,21.32,0,0
COMPACTTV-2023-02-28-6ac03a05_120,22.604,36.623,1,1
COMPACTTV-2023-02-28-6ac03a05_121,38.18,53.14,0,0
COMPACTTV-2023-02-28-6ac03a05_122,53.308,120.44,1,1
COMPACTTV-2023-02-28-6ac03a05_123,120.63,123.168,0,0
COMPACTTV-2023-02-28-6ac03a05_124,124.39,197.427,1,1
COMPACTTV-2023-02-28-6ac03a05_125,198.641,217.555,0,0
COMPACTTV-2023-02-28-6ac03a05_126,218.556,273.645,2,5
COMPACTTV-2023-02-28-6ac03a05_127,282.754,343.29,2,5
COMPACTTV-2023-02-28-6ac03a05_128,343.612,369.921,0,0
COMPACTTV-2023-02-28-6ac03a05_129,370.132,381.751,2,4
COMPACTTV-2023-02-28-6ac03a05_130,383.693,388.833,1,1
COMPACTTV-2023-02-28-6ac03a05_131,389.266,407.82,0,0
COMPACTTV-2023-02-28-6ac03a05_132,412.2,500.402,1,1
COMPACTTV-2023-02-28-6ac03a05_133,500.882,606.721,1,1
COMPACTTV-2023-02-28-6ac03a05_134,608.041,654.947,1,1
COMPACTTV-2023-02-28-6ac03a05_135,655.878,657.255,1,1
COMPACTTV-2023-02-28-6ac03a05_136,657.433,722.259,1,1
COMPACTTV-2023-02-28-6ac03a05_137,722.549,746.644,1,1
COMPACTTV-2023-02-28-6ac03a05_138,746.797,757.171,1,1
COMPACTTV-2023-02-28-6ac03a05_139,757.45,793.911,1,1
COMPACTTV-2023-02-28-6ac03a05_140,793.911,794.4,1,1
COMPACTTV-2023-02-28-6ac03a05_141,794.501,811.333,1,1
COMPACTTV-2023-02-28-6ac03a05_142,811.441,811.937,1,1
COMPACTTV-2023-02-28-6ac03a05_143,812.163,872.99,1,1
COMPACTTV-2023-02-28-6ac03a05_144,873.123,873.79,1,1
COMPACTTV-2023-02-28-6ac03a05_145,873.823,874.6,1,1
COMPACTTV-2023-02-28-6ac03a05_146,874.943,972.255,1,1
COMPACTTV-2023-02-28-6ac03a05_147,972.255,978.233,1,1
COMPACTTV-2023-02-28-6ac03a05_148,978.542,1010.41,1,1
COMPACTTV-2023-02-28-6ac03a05_149,1011.172,1025.292,1,1
COMPACTTV-2023-02-28-6ac03a05_150,1029.632,1043.497,0,0
COMPACTTV-2023-02-28-6ac03a05_151,1043.75,1046.977,2,5
COMPACTTV-2023-02-28-6ac03a05_152,1047.042,1172.532,2,5
COMPACTTV-2023-02-28-6ac03a05_153,1172.532,1174.456,2,4
COMPACTTV-2023-02-28-6ac03a05_154,1174.456,1175.934,2,5
COMPACTTV-2023-02-28-6ac03a05_155,1175.934,1176.733,2,4
COMPACTTV-2023-02-28-6ac03a05_156,1176.733,1177.134,2,5
COMPACTTV-2023-02-28-6ac03a05_157,1177.134,1180.365,2,4
COMPACTTV-2023-02-28-6ac03a05_158,1180.377,1180.788,2,5
COMPACTTV-2023-02-28-6ac03a05_159,1180.788,1239.966,2,5
COMPACTTV-2023-02-28-6ac03a05_160,1239.966,1247.633,0,0
COMPACTTV-2023-02-28-6ac03a05_161,1247.633,1259.211,2,5
COMPACTTV-2023-02-28-6ac03a05_162,1260.033,1275.496,0,0
COMPACTTV-2023-02-28-6ac03a05_163,1275.848,1398.0,1,1
COMPACTTV-2023-02-28-6ac03a05_164,1398.895,1423.366,0,0
COMPACTTV-2023-02-28-6ac03a05_165,1428.915,1435.211,2,5
COMPACTTV-2023-02-28-6ac03a05_166,1442.942,1453.612,2,5
COMPACTTV-2023-01-25-bafb6afb_167,11.79,47.605,0,0
COMPACTTV-2023-01-25-bafb6afb_168,48.1,69.711,2,5
COMPACTTV-2023-01-25-bafb6afb_169,78.414,136.031,1,1
COMPACTTV-2023-01-25-bafb6afb_170,136.649,142.19,0,0
COMPACTTV-2023-01-25-bafb6afb_171,143.14,227.688,1,1
COMPACTTV-2023-01-25-bafb6afb_172,228.079,262.53,0,0
COMPACTTV-2023-01-25-bafb6afb_173,262.6,283.439,1,1
COMPACTTV-2023-01-25-bafb6afb_174,283.67,304.31,2,4
COMPACTTV-2023-01-25-bafb6afb_175,304.31,306.412,1,1
COMPACTTV-2023-01-25-bafb6afb_176,306.48,322.24,2,4
COMPACTTV-2023-01-25-bafb6afb_177,322.399,328.331,1,1
COMPACTTV-2023-01-25-bafb6afb_178,328.612,358.91,2,4
COMPACTTV-2023-01-25-bafb6afb_179,359.169,379.65,2,4
COMPACTTV-2023-01-25-bafb6afb_180,379.82,384.483,1,1
COMPACTTV-2023-01-25-bafb6afb_181,384.626,399.837,2,4
COMPACTTV-2023-01-25-bafb6afb_182,400.069,403.401,2,4
COMPACTTV-2023-01-25-bafb6afb_183,403.703,406.071,1,1
COMPACTTV-2023-01-25-bafb6afb_184,406.998,423.283,0,0
COMPACTTV-2023-01-25-bafb6afb_185,423.546,444.868,2,5
COMPACTTV-2023-01-25-bafb6afb_186,445.116,467.49,0,0
COMPACTTV-2023-01-25-bafb6afb_187,472.111,495.149,1,1
COMPACTTV-2023-01-25-bafb6afb_188,495.708,534.576,1,1
COMPACTTV-2023-01-25-bafb6afb_189,534.901,613.89,1,1
COMPACTTV-2023-01-25-bafb6afb_190,613.984,652.102,1,1
COMPACTTV-2023-01-25-bafb6afb_191,652.522,697.49,1,1
COMPACTTV-2023-01-25-bafb6afb_192,697.817,744.09,1,1
COMPACTTV-2023-01-25-bafb6afb_193,744.134,774.766,1,1
COMPACTTV-2023-01-25-bafb6afb_194,774.856,776.05,1,1
COMPACTTV-2023-01-25-bafb6afb_195,776.097,779.7,1,1
COMPACTTV-2023-01-25-bafb6afb_196,779.805,800.262,1,1
COMPACTTV-2023-01-25-bafb6afb_197,800.812,890.23,1,1
COMPACTTV-2023-01-25-bafb6afb_198,890.413,954.37,1,1
COMPACTTV-2023-01-25-bafb6afb_199,955.011,994.045,1,1
COMPACTTV-2023-01-25-bafb6afb_200,999.672,1021.936,0,0
COMPACTTV-2023-01-25-bafb6afb_201,1022.306,1122.929,2,5
COMPACTTV-2023-01-25-bafb6afb_202,1123.098,1129.01,0,0
COMPACTTV-2023-01-25-bafb6afb_203,1129.16,1156.83,2,5
COMPACTTV-2023-01-25-bafb6afb_204,1157.035,1177.109,0,0
COMPACTTV-2023-01-25-bafb6afb_205,1177.968,1310.206,1,1
COMPACTTV-2023-01-25-bafb6afb_206,1310.773,1321.39,0,0
COMPACTTV-2023-01-25-bafb6afb_207,1321.614,1482.759,1,1
COMPACTTV-2023-01-25-bafb6afb_208,1536.314,1565.07,1,1
COMPACTTV-2023-01-25-bafb6afb_209,1565.955,1588.042,0,0
COMPACTTV-2023-01-25-bafb6afb_210,1588.515,1616.078,1,1
COMPACTTV-2023-01-26-0365ab29_211,11.92,55.81,0,0
COMPACTTV-2023-01-26-0365ab29_212,56.154,131.643,1,1
COMPACTTV-2023-01-26-0365ab29_213,133.2,137.223,0,0
COMPACTTV-2023-01-26-0365ab29_214,137.605,217.14,1,1
COMPACTTV-2023-01-26-0365ab29_215,217.624,229.827,0,0
COMPACTTV-2023-01-26-0365ab29_216,343.006,354.027,0,0
COMPACTTV-2023-01-26-0365ab29_217,354.3,393.599,2,5
COMPACTTV-2023-01-26-0365ab29_218,393.987,427.981,0,0
COMPACTTV-2023-01-26-0365ab29_219,432.151,489.334,1,1
COMPACTTV-2023-01-26-0365ab29_220,490.093,553.32,1,1
COMPACTTV-2023-01-26-0365ab29_221,553.538,640.789,1,1
COMPACTTV-2023-01-26-0365ab29_222,641.677,836.81,1,1
COMPACTTV-2023-01-26-0365ab29_223,837.02,837.56,1,1
COMPACTTV-2023-01-26-0365ab29_224,837.579,899.61,1,1
COMPACTTV-2023-01-26-0365ab29_225,899.72,900.15,1,1
COMPACTTV-2023-01-26-0365ab29_226,900.178,937.72,1,1
COMPACTTV-2023-01-26-0365ab29_227,937.904,1000.444,1,1
COMPACTTV-2023-01-26-0365ab29_228,1000.812,1041.91,1,1
COMPACTTV-2023-01-26-0365ab29_229,1042.1,1064.068,1,1
COMPACTTV-2023-01-26-0365ab29_230,1068.33,1087.748,0,0
COMPACTTV-2023-01-26-0365ab29_231,1088.409,1156.9,2,2
COMPACTTV-2023-01-26-0365ab29_232,1157.21,1170.348,0,0
COMPACTTV-2023-01-26-0365ab29_233,1171.287,1308.03,1,1
COMPACTTV-2023-01-26-0365ab29_234,1308.56,1331.37,0,0
COMPACTTV-2023-01-26-0365ab29_235,1334.63,1434.19,2,4
compacttv_2022_01_27_WU7Ga9cXvc4_236,78.433,102.95,0,0
compacttv_2022_01_27_WU7Ga9cXvc4_237,703.22,721.68,1,1
compacttv_2022_01_13_hLfcV8qf4fY_238,20.15,111.04,0,0
compacttv_2022_01_13_hLfcV8qf4fY_239,111.07,126.48,1,1
compacttv_2022_01_13_hLfcV8qf4fY_240,126.48,143.401,2,5
compacttv_2022_01_13_hLfcV8qf4fY_241,143.401,166.59,1,1
compacttv_2022_01_13_hLfcV8qf4fY_242,166.59,173.32,2,3
compacttv_2022_01_13_hLfcV8qf4fY_243,173.32,188.8,1,1
compacttv_2022_01_13_hLfcV8qf4fY_244,188.81,201.25,2,3
compacttv_2022_01_13_hLfcV8qf4fY_245,201.25,206.8,1,1
compacttv_2022_01_13_hLfcV8qf4fY_246,206.81,234.97,0,0
compacttv_2022_01_13_hLfcV8qf4fY_247,234.98,326.22,2,3
compacttv_2022_01_10_kX5DF1JDnqg_248,77.05,96.27,0,0
compacttv_2022_01_10_kX5DF1JDnqg_249,96.27,129.644,1,1
compacttv_2022_01_10_kX5DF1JDnqg_250,129.8,157.066,2,3
compacttv_2022_01_10_kX5DF1JDnqg_251,163.97,181.79,1,1
compacttv_2022_01_10_kX5DF1JDnqg_252,184.69,194.57,2,4
compacttv_2022_01_10_kX5DF1JDnqg_253,233.87,250.9,0,0
compacttv_2022_01_10_kX5DF1JDnqg_254,250.9,272.95,1,1
compacttv_2022_01_10_kX5DF1JDnqg_255,272.96,287.37,2,3
compacttv_2022_01_10_kX5DF1JDnqg_256,287.379,309.06,1,1
compacttv_2022_01_10_kX5DF1JDnqg_257,309.06,324.288,2,4
compacttv_2022_01_10_kX5DF1JDnqg_258,324.288,334.0,1,1
compacttv_2022_01_10_kX5DF1JDnqg_259,334.0,353.4,0,0
compacttv_2022_01_17_HU1GFKcRV70_260,83.7,106.25,0,0
compacttv_2022_01_17_HU1GFKcRV70_261,106.27,144.51,2,5
compacttv_2022_01_17_HU1GFKcRV70_262,144.52,171.433,0,0
compacttv_2022_01_17_HU1GFKcRV70_263,171.57,217.266,1,1
compacttv_2022_01_17_HU1GFKcRV70_264,217.266,231.08,0,0
compacttv_2022_01_17_HU1GFKcRV70_265,231.08,288.06,1,1
compacttv_2022_01_17_HU1GFKcRV70_266,288.06,318.32,0,0
compacttv_2022_01_17_HU1GFKcRV70_267,318.33,337.466,1,1
compacttv_2022_01_17_HU1GFKcRV70_268,337.466,352.88,2,5
compacttv_2022_01_17_HU1GFKcRV70_269,353.03,379.08,1,1
compacttv_2022_01_17_HU1GFKcRV70_270,397.18,403.8,1,1
compacttv_2022_01_19__PFsywDqSYs_271,70.833,96.766,0,0
compacttv_2022_01_19__PFsywDqSYs_272,96.85,112.447,1,1
compacttv_2022_01_19__PFsywDqSYs_273,112.447,127.2,2,5
compacttv_2022_01_19__PFsywDqSYs_274,127.32,143.04,1,1
compacttv_2022_01_19__PFsywDqSYs_275,143.04,157.74,2,4
compacttv_2022_01_19__PFsywDqSYs_276,157.74,172.28,1,1
compacttv_2022_01_19__PFsywDqSYs_277,172.28,184.44,2,5
compacttv_2022_01_19__PFsywDqSYs_278,184.459,197.86,1,1
compacttv_2022_01_19__PFsywDqSYs_279,197.87,222.24,0,0
compacttv_2022_01_19__PFsywDqSYs_280,222.25,233.06,1,1
compacttv_2022_01_19__PFsywDqSYs_281,241.19,255.04,2,4
compacttv_2022_01_19__PFsywDqSYs_282,255.26,270.466,2,4
compacttv_2022_01_19__PFsywDqSYs_283,271.09,286.22,2,4
compacttv_2022_01_20_HEdDHMVfJxM_284,41.68,69.05,0,0
compacttv_2022_01_20_HEdDHMVfJxM_285,549.466,584.19,0,0
compacttv_2022_01_20_HEdDHMVfJxM_286,584.2,636.207,2,5
compacttv_2022_01_25_T5uY4pYjydI_287,80.3,107.566,0,0
compacttv_2022_01_25_T5uY4pYjydI_288,107.566,282.566,1,1
compacttv_2022_01_25_T5uY4pYjydI_289,282.576,331.033,0,0
compacttv_2022_01_14_84f5Cfl1VPo_290,361.4,389.0,0,0
compacttv_2022_01_14_84f5Cfl1VPo_291,398.01,411.0,2,4
compacttv_2022_01_14_84f5Cfl1VPo_292,411.02,425.09,2,4
compacttv_2022_01_14_84f5Cfl1VPo_293,425.09,457.4,2,4
compacttv_2022_01_14_84f5Cfl1VPo_294,460.07,473.1,2,4
compacttv_2022_01_14_84f5Cfl1VPo_295,473.13,497.77,2,4
compacttv_2022_01_31_QFNlmMBLwK0_296,758.9,782.21,0,0
compacttv_2022_01_31_QFNlmMBLwK0_297,782.79,797.0,2,4
20220105_Corona_Regeln_Unsere_Freiheit_gerät_0RM8KQi3Muk_1,1.579,29.7,0,0
20220105_Corona_Regeln_Unsere_Freiheit_gerät_0RM8KQi3Muk_2,30.92,47.42,2,4
20220105_Corona_Regeln_Unsere_Freiheit_gerät_0RM8KQi3Muk_3,48.44,55.32,0,0
20220105_Corona_Regeln_Unsere_Freiheit_gerät_0RM8KQi3Muk_4,56.64,83.46,2,4
20220105_Corona_Regeln_Unsere_Freiheit_gerät_0RM8KQi3Muk_5,83.979,86.72,0,0
20220105_Corona_Regeln_Unsere_Freiheit_gerät_0RM8KQi3Muk_6,88.68,108.24,2,4
20220105_Corona_Regeln_Unsere_Freiheit_gerät_0RM8KQi3Muk_7,109.2,136.4,0,0
20220105_Corona_Regeln_Unsere_Freiheit_gerät_0RM8KQi3Muk_8,137.18,212.2,2,4
20220105_Corona_Regeln_Unsere_Freiheit_gerät_0RM8KQi3Muk_9,212.54,262.56,0,0
20220105_Corona_Regeln_Unsere_Freiheit_gerät_0RM8KQi3Muk_10,264.58,376.96,1,1
20220105_Corona_Regeln_Unsere_Freiheit_gerät_0RM8KQi3Muk_11,377.74,392.56,0,0
20220105_Corona_Regeln_Unsere_Freiheit_gerät_0RM8KQi3Muk_12,397.94,436.1,1,1
20220105_Corona_Regeln_Unsere_Freiheit_gerät_0RM8KQi3Muk_13,436.97,455.46,0,0
20220105_Corona_Regeln_Unsere_Freiheit_gerät_0RM8KQi3Muk_14,458.5,523.26,1,1
20220105_Corona_Regeln_Unsere_Freiheit_gerät_0RM8KQi3Muk_15,524.52,534.24,0,0
20220105_Corona_Regeln_Unsere_Freiheit_gerät_0RM8KQi3Muk_16,538.36,569.48,0,0
20220105_Corona_Regeln_Unsere_Freiheit_gerät_0RM8KQi3Muk_17,569.48,634.69,1,1
20220105_Corona_Regeln_Unsere_Freiheit_gerät_0RM8KQi3Muk_18,634.7,650.2,0,0
20220105_Corona_Regeln_Unsere_Freiheit_gerät_0RM8KQi3Muk_19,650.2,702.12,1,1
20220105_Corona_Regeln_Unsere_Freiheit_gerät_0RM8KQi3Muk_20,702.7,722.48,0,0
20220105_Corona_Regeln_Unsere_Freiheit_gerät_0RM8KQi3Muk_21,722.78,749.58,1,1
20220105_Corona_Regeln_Unsere_Freiheit_gerät_0RM8KQi3Muk_22,749.72,812.98,0,0
20220105_Corona_Regeln_Unsere_Freiheit_gerät_0RM8KQi3Muk_23,813.26,832.76,1,1
20220105_Corona_Regeln_Unsere_Freiheit_gerät_0RM8KQi3Muk_24,849.72,913.12,1,1
20220105_Corona_Regeln_Unsere_Freiheit_gerät_0RM8KQi3Muk_25,913.14,913.8,0,0
20220105_Corona_Regeln_Unsere_Freiheit_gerät_0RM8KQi3Muk_26,913.9,922.36,1,1
20220105_Corona_Regeln_Unsere_Freiheit_gerät_0RM8KQi3Muk_27,922.38,923.4,0,0
20220105_Corona_Regeln_Unsere_Freiheit_gerät_0RM8KQi3Muk_28,923.62,941.32,1,1
20220105_Corona_Regeln_Unsere_Freiheit_gerät_0RM8KQi3Muk_29,941.48,949.665,0,0
20220105_Corona_Regeln_Unsere_Freiheit_gerät_0RM8KQi3Muk_30,949.7,950.125,1,1
20220105_Corona_Regeln_Unsere_Freiheit_gerät_0RM8KQi3Muk_31,950.17,967.42,0,0
20220105_Corona_Regeln_Unsere_Freiheit_gerät_0RM8KQi3Muk_32,975.48,984.46,1,1
20220105_Corona_Regeln_Unsere_Freiheit_gerät_0RM8KQi3Muk_33,985.7,986.82,2,4
20220105_Corona_Regeln_Unsere_Freiheit_gerät_0RM8KQi3Muk_34,987.42,988.02,1,1
20220105_Corona_Regeln_Unsere_Freiheit_gerät_0RM8KQi3Muk_35,988.8,997.34,2,4
20220105_Corona_Regeln_Unsere_Freiheit_gerät_0RM8KQi3Muk_36,998.16,1005.58,2,4
20220105_Corona_Regeln_Unsere_Freiheit_gerät_0RM8KQi3Muk_37,1005.78,1007.88,1,1
20220105_Corona_Regeln_Unsere_Freiheit_gerät_0RM8KQi3Muk_38,1007.98,1014.38,2,4
20220105_Corona_Regeln_Unsere_Freiheit_gerät_0RM8KQi3Muk_39,1034.72,1042.359,2,4
20220105_Corona_Regeln_Unsere_Freiheit_gerät_0RM8KQi3Muk_40,1043.899,1054.08,2,4
20220105_Corona_Regeln_Unsere_Freiheit_gerät_0RM8KQi3Muk_41,1055.16,1058.14,2,4
20220105_Corona_Regeln_Unsere_Freiheit_gerät_0RM8KQi3Muk_42,1059.86,1076.34,2,4
20220105_Corona_Regeln_Unsere_Freiheit_gerät_0RM8KQi3Muk_43,1076.74,1081.06,1,1
20220117_Ukraine_Konflikt_Annalena_Baerbock_ist_u3X1kayjCro_44,0.0,12.02,0,0
20220117_Ukraine_Konflikt_Annalena_Baerbock_ist_u3X1kayjCro_45,12.4,28.8,0,0
20220117_Ukraine_Konflikt_Annalena_Baerbock_ist_u3X1kayjCro_46,28.8,40.9,0,0
20220117_Ukraine_Konflikt_Annalena_Baerbock_ist_u3X1kayjCro_47,43.02,59.02,1,1
20220117_Ukraine_Konflikt_Annalena_Baerbock_ist_u3X1kayjCro_48,60.2,82.1,1,1
20220117_Ukraine_Konflikt_Annalena_Baerbock_ist_u3X1kayjCro_49,82.699,94.6,1,1
20220117_Ukraine_Konflikt_Annalena_Baerbock_ist_u3X1kayjCro_50,97.0,111.04,2,4
20220117_Ukraine_Konflikt_Annalena_Baerbock_ist_u3X1kayjCro_51,111.04,119.16,1,1
20220117_Ukraine_Konflikt_Annalena_Baerbock_ist_u3X1kayjCro_52,119.16,136.0,2,4
20220117_Ukraine_Konflikt_Annalena_Baerbock_ist_u3X1kayjCro_53,137.04,145.72,1,1
20220117_Ukraine_Konflikt_Annalena_Baerbock_ist_u3X1kayjCro_54,151.16,172.1,0,0
20220117_Ukraine_Konflikt_Annalena_Baerbock_ist_u3X1kayjCro_55,173.3,211.94,1,1
20220117_Ukraine_Konflikt_Annalena_Baerbock_ist_u3X1kayjCro_56,212.58,230.26,0,0
20220117_Ukraine_Konflikt_Annalena_Baerbock_ist_u3X1kayjCro_57,232.26,261.74,1,1
20220117_Ukraine_Konflikt_Annalena_Baerbock_ist_u3X1kayjCro_58,263.28,296.56,2,5
20220117_Ukraine_Konflikt_Annalena_Baerbock_ist_u3X1kayjCro_59,298.02,317.1,2,4
20220117_Ukraine_Konflikt_Annalena_Baerbock_ist_u3X1kayjCro_60,318.24,352.36,1,1
20220117_Ukraine_Konflikt_Annalena_Baerbock_ist_u3X1kayjCro_61,353.42,376.72,0,0
20220117_Ukraine_Konflikt_Annalena_Baerbock_ist_u3X1kayjCro_62,376.98,400.6,0,0
20220117_Ukraine_Konflikt_Annalena_Baerbock_ist_u3X1kayjCro_63,409.8,483.66,2,3
20220117_Ukraine_Konflikt_Annalena_Baerbock_ist_u3X1kayjCro_64,484.24,514.34,0,0
20220117_Ukraine_Konflikt_Annalena_Baerbock_ist_u3X1kayjCro_65,515.799,676.32,2,3
20220117_Ukraine_Konflikt_Annalena_Baerbock_ist_u3X1kayjCro_66,677.66,713.14,0,0
20220117_Ukraine_Konflikt_Annalena_Baerbock_ist_u3X1kayjCro_67,715.04,816.72,2,3
20220117_Ukraine_Konflikt_Annalena_Baerbock_ist_u3X1kayjCro_68,817.04,828.66,0,0
20220104_Das_Zahlenchaos_muss_so_schnell_HJYEKTUC0TU_69,0.0,20.0,0,0
20220104_Das_Zahlenchaos_muss_so_schnell_HJYEKTUC0TU_70,20.0,21.24,2,5
20220104_Das_Zahlenchaos_muss_so_schnell_HJYEKTUC0TU_71,21.24,38.55,0,0
20220104_Das_Zahlenchaos_muss_so_schnell_HJYEKTUC0TU_72,38.55,85.39,2,5
20220104_Das_Zahlenchaos_muss_so_schnell_HJYEKTUC0TU_73,204.47,211.03,0,0
20220104_Das_Zahlenchaos_muss_so_schnell_HJYEKTUC0TU_74,211.03,232.84,2,5
20220104_Das_Zahlenchaos_muss_so_schnell_HJYEKTUC0TU_75,232.84,242.47,0,0
20220104_Das_Zahlenchaos_muss_so_schnell_HJYEKTUC0TU_76,242.47,290.73,2,5
20220104_Das_Zahlenchaos_muss_so_schnell_HJYEKTUC0TU_77,290.73,299.713,0,0
20220104_Das_Zahlenchaos_muss_so_schnell_HJYEKTUC0TU_78,299.713,302.15,0,0
20220104_Das_Zahlenchaos_muss_so_schnell_HJYEKTUC0TU_79,302.198,309.377,2,5
20220104_Das_Zahlenchaos_muss_so_schnell_HJYEKTUC0TU_80,309.547,317.765,0,0
20220104_Das_Zahlenchaos_muss_so_schnell_HJYEKTUC0TU_81,317.856,331.15,2,5
20220104_Das_Zahlenchaos_muss_so_schnell_HJYEKTUC0TU_82,331.15,337.09,0,0
20220104_Das_Zahlenchaos_muss_so_schnell_HJYEKTUC0TU_83,337.09,338.666,0,0
20220106_Impfpflicht_wackelt_Man_muss_ständig_GSTg37aDd-E_84,0.84,13.63,0,0
20220106_Impfpflicht_wackelt_Man_muss_ständig_GSTg37aDd-E_85,13.63,22.069,0,0
20220106_Impfpflicht_wackelt_Man_muss_ständig_GSTg37aDd-E_86,22.17,41.81,2,5
20220106_Impfpflicht_wackelt_Man_muss_ständig_GSTg37aDd-E_87,41.81,42.9,1,1
20220106_Impfpflicht_wackelt_Man_muss_ständig_GSTg37aDd-E_88,42.91,72.93,2,5
20220106_Impfpflicht_wackelt_Man_muss_ständig_GSTg37aDd-E_89,72.93,88.6,0,0
20220106_Impfpflicht_wackelt_Man_muss_ständig_GSTg37aDd-E_90,88.6,144.615,1,1
20220106_Impfpflicht_wackelt_Man_muss_ständig_GSTg37aDd-E_91,144.615,146.69,0,0
20220114_Omikron_In_vier_Wochen_hatte_PIA-koNrP1M_92,0.0,118.4,0,0
20220107_Wegen_Corona_und_Lockdowns_Dreimal_TNdDp97ha-I_93,0.06,32.627,0,0
20220107_Wegen_Corona_und_Lockdowns_Dreimal_TNdDp97ha-I_94,33.062,65.796,0,0
20220107_Wegen_Corona_und_Lockdowns_Dreimal_TNdDp97ha-I_95,65.799,99.99,1,1
20220103_Das_Land_ist_unvorbereitet_in_2JIfwsv28Es_96,0.0,16.54,0,0
20220103_Das_Land_ist_unvorbereitet_in_2JIfwsv28Es_97,16.6,17.44,2,5
20220103_Das_Land_ist_unvorbereitet_in_2JIfwsv28Es_98,18.18,22.08,0,0
20220103_Das_Land_ist_unvorbereitet_in_2JIfwsv28Es_99,22.92,41.34,2,5
20220103_Das_Land_ist_unvorbereitet_in_2JIfwsv28Es_100,41.62,78.52,0,0
20220103_Das_Land_ist_unvorbereitet_in_2JIfwsv28Es_101,78.82,146.38,2,5
20220103_Das_Land_ist_unvorbereitet_in_2JIfwsv28Es_102,146.68,161.58,0,0
20220103_Das_Land_ist_unvorbereitet_in_2JIfwsv28Es_103,161.92,206.94,2,5
20220103_Das_Land_ist_unvorbereitet_in_2JIfwsv28Es_104,206.94,242.86,0,0
20220103_Das_Land_ist_unvorbereitet_in_2JIfwsv28Es_105,243.12,267.62,2,5
20220103_Das_Land_ist_unvorbereitet_in_2JIfwsv28Es_106,267.72,281.16,0,0
20220103_Das_Land_ist_unvorbereitet_in_2JIfwsv28Es_107,281.16,322.18,2,5
20220103_Das_Land_ist_unvorbereitet_in_2JIfwsv28Es_108,322.18,337.96,0,0
20220103_Das_Land_ist_unvorbereitet_in_2JIfwsv28Es_109,337.96,345.74,2,5
20220103_Das_Land_ist_unvorbereitet_in_2JIfwsv28Es_110,345.8,346.36,0,0
20220103_Das_Land_ist_unvorbereitet_in_2JIfwsv28Es_111,346.72,370.02,2,5
20220103_Das_Land_ist_unvorbereitet_in_2JIfwsv28Es_112,370.34,373.12,0,0
20220103_Das_Land_ist_unvorbereitet_in_2JIfwsv28Es_113,373.62,421.72,2,5
20220103_Das_Land_ist_unvorbereitet_in_2JIfwsv28Es_114,421.72,435.8,0,0
20220103_Das_Land_ist_unvorbereitet_in_2JIfwsv28Es_115,435.84,442.918,2,5
20220103_Das_Land_ist_unvorbereitet_in_2JIfwsv28Es_116,442.938,443.864,0,0
20220103_Das_Land_ist_unvorbereitet_in_2JIfwsv28Es_117,444.099,476.56,2,5
20220103_Das_Land_ist_unvorbereitet_in_2JIfwsv28Es_118,476.56,494.18,0,0
20220103_Das_Land_ist_unvorbereitet_in_2JIfwsv28Es_119,494.26,552.826,2,5
20220103_Das_Land_ist_unvorbereitet_in_2JIfwsv28Es_120,552.826,573.6,0,0
20220103_Das_Land_ist_unvorbereitet_in_2JIfwsv28Es_121,574.04,578.7,2,5
20220103_Das_Land_ist_unvorbereitet_in_2JIfwsv28Es_122,578.88,579.38,0,0
20220103_Das_Land_ist_unvorbereitet_in_2JIfwsv28Es_123,579.58,595.82,2,5
20220103_Das_Land_ist_unvorbereitet_in_2JIfwsv28Es_124,596.32,600.78,0,0
20220103_Das_Land_ist_unvorbereitet_in_2JIfwsv28Es_125,600.8,623.795,2,5
20220103_Das_Land_ist_unvorbereitet_in_2JIfwsv28Es_126,623.795,626.867,0,0
20220103_Das_Land_ist_unvorbereitet_in_2JIfwsv28Es_127,626.904,628.204,2,5
20220103_Das_Land_ist_unvorbereitet_in_2JIfwsv28Es_128,628.204,633.32,0,0
20220103_Das_Land_ist_unvorbereitet_in_2JIfwsv28Es_129,633.84,653.04,2,5
20220103_Das_Land_ist_unvorbereitet_in_2JIfwsv28Es_130,653.18,677.62,0,0
20220103_Das_Land_ist_unvorbereitet_in_2JIfwsv28Es_131,677.76,688.34,2,5
20220103_Das_Land_ist_unvorbereitet_in_2JIfwsv28Es_132,689.7,690.32,0,0
20220103_Das_Land_ist_unvorbereitet_in_2JIfwsv28Es_133,690.8,697.68,0,0
20220103_Das_Land_ist_unvorbereitet_in_2JIfwsv28Es_134,697.92,705.22,2,5
20220103_Das_Land_ist_unvorbereitet_in_2JIfwsv28Es_135,705.68,711.98,0,0
20220113_Corona_Geht_s_so_weiter_hn1Z-HBReWg_136,0.02,50.22,0,0
20220113_Corona_Geht_s_so_weiter_hn1Z-HBReWg_137,50.22,55.91,1,1
20220113_Corona_Geht_s_so_weiter_hn1Z-HBReWg_138,55.95,83.19,0,0
20220118_Corona_Irrsinn_in_der_Bundesliga_W8ro_Fux7ic_139,0.0,20.58,0,0
20220118_Corona_Irrsinn_in_der_Bundesliga_W8ro_Fux7ic_140,20.58,67.94,1,1
20220104_Schluss_mit_dem_Corona_Lockdown_1odqvo1zKzI_141,0.033,13.009,0,0
20220104_Schluss_mit_dem_Corona_Lockdown_1odqvo1zKzI_142,13.12,22.7,0,0
20220104_Schluss_mit_dem_Corona_Lockdown_1odqvo1zKzI_143,22.7,26.4,0,0
20220104_Schluss_mit_dem_Corona_Lockdown_1odqvo1zKzI_144,26.4,30.33,0,0
20220104_Schluss_mit_dem_Corona_Lockdown_1odqvo1zKzI_145,30.413,43.469,0,0
20220104_Schluss_mit_dem_Corona_Lockdown_1odqvo1zKzI_146,43.524,63.72,0,0
20220104_Schluss_mit_dem_Corona_Lockdown_1odqvo1zKzI_147,63.74,118.17,1,1
20220114_Ungeimpfter_darf_Raum_nicht_betreten_BZDHKarAQcA_148,0.0,16.0,0,0
20220114_Ungeimpfter_darf_Raum_nicht_betreten_BZDHKarAQcA_149,16.74,62.12,1,1
20220114_Ungeimpfter_darf_Raum_nicht_betreten_BZDHKarAQcA_150,62.7,94.94,0,0
20220114_Ungeimpfter_darf_Raum_nicht_betreten_BZDHKarAQcA_151,96.14,125.92,1,1
20220114_Ungeimpfter_darf_Raum_nicht_betreten_BZDHKarAQcA_152,125.98,126.64,0,0
20220114_Ungeimpfter_darf_Raum_nicht_betreten_BZDHKarAQcA_153,126.9,160.24,1,1
20220114_Ungeimpfter_darf_Raum_nicht_betreten_BZDHKarAQcA_154,160.96,170.78,0,0
20220114_Ungeimpfter_darf_Raum_nicht_betreten_BZDHKarAQcA_155,171.4,172.74,2,5
20220114_Ungeimpfter_darf_Raum_nicht_betreten_BZDHKarAQcA_156,172.84,194.06,0,0
20220114_Ungeimpfter_darf_Raum_nicht_betreten_BZDHKarAQcA_157,195.3,227.56,2,5
20220114_Ungeimpfter_darf_Raum_nicht_betreten_BZDHKarAQcA_158,228.64,236.4,0,0
20220114_Ungeimpfter_darf_Raum_nicht_betreten_BZDHKarAQcA_159,237.64,279.3,2,5
20220114_Ungeimpfter_darf_Raum_nicht_betreten_BZDHKarAQcA_160,280.24,293.3,0,0
20220114_Ungeimpfter_darf_Raum_nicht_betreten_BZDHKarAQcA_161,295.14,317.64,2,5
20220114_Ungeimpfter_darf_Raum_nicht_betreten_BZDHKarAQcA_162,317.96,332.02,0,0
20220114_Ungeimpfter_darf_Raum_nicht_betreten_BZDHKarAQcA_163,333.2,388.58,2,5
20220114_Ungeimpfter_darf_Raum_nicht_betreten_BZDHKarAQcA_164,389.38,422.64,1,1
20220114_Ungeimpfter_darf_Raum_nicht_betreten_BZDHKarAQcA_165,424.86,456.56,2,5
20220114_Ungeimpfter_darf_Raum_nicht_betreten_BZDHKarAQcA_166,456.6,477.64,1,1
20220114_Ungeimpfter_darf_Raum_nicht_betreten_BZDHKarAQcA_167,478.5,569.76,2,5
20220114_Ungeimpfter_darf_Raum_nicht_betreten_BZDHKarAQcA_168,569.76,577.42,0,0
20220114_Ungeimpfter_darf_Raum_nicht_betreten_BZDHKarAQcA_169,578.46,644.84,2,5
20220114_Ungeimpfter_darf_Raum_nicht_betreten_BZDHKarAQcA_170,645.16,690.66,0,0
20220114_Ungeimpfter_darf_Raum_nicht_betreten_BZDHKarAQcA_171,708.85,725.82,0,0
20220114_Ungeimpfter_darf_Raum_nicht_betreten_BZDHKarAQcA_172,726.64,727.62,2,3
20220114_Ungeimpfter_darf_Raum_nicht_betreten_BZDHKarAQcA_173,727.94,732.2,0,0
20220114_Ungeimpfter_darf_Raum_nicht_betreten_BZDHKarAQcA_174,733.14,736.48,2,3
20220114_Ungeimpfter_darf_Raum_nicht_betreten_BZDHKarAQcA_175,737.079,779.28,2,3
20220114_Ungeimpfter_darf_Raum_nicht_betreten_BZDHKarAQcA_176,779.98,786.72,0,0
20220114_Ungeimpfter_darf_Raum_nicht_betreten_BZDHKarAQcA_177,788.94,839.2,2,3
20220114_Ungeimpfter_darf_Raum_nicht_betreten_BZDHKarAQcA_178,840.1,860.08,0,0
20220114_Ungeimpfter_darf_Raum_nicht_betreten_BZDHKarAQcA_179,861.4,940.22,2,3
20220114_Ungeimpfter_darf_Raum_nicht_betreten_BZDHKarAQcA_180,940.78,950.88,0,0
20220114_Ungeimpfter_darf_Raum_nicht_betreten_BZDHKarAQcA_181,952.02,1050.82,2,3
20220114_Ungeimpfter_darf_Raum_nicht_betreten_BZDHKarAQcA_182,1051.04,1057.44,0,0
20220118_Corona_Zahlen_in_Deutschland_Diese_pDeXHOhVXz0_183,0.06,135.723,0,0
20220113_New_York_pfeift_auf_die_Mfh22Av5-jI_184,61.461,103.95,1,1
20220113_New_York_pfeift_auf_die_Mfh22Av5-jI_185,103.95,123.21,2,3
20220113_New_York_pfeift_auf_die_Mfh22Av5-jI_186,123.21,127.76,1,1
20220113_New_York_pfeift_auf_die_Mfh22Av5-jI_187,127.76,143.51,2,4
20220113_New_York_pfeift_auf_die_Mfh22Av5-jI_188,143.51,150.42,1,1
20220113_New_York_pfeift_auf_die_Mfh22Av5-jI_189,150.42,180.42,1,1
20220113_New_York_pfeift_auf_die_Mfh22Av5-jI_190,180.42,188.813,1,1
20220117_Genesenen_Status_nur_noch_3_FQAeEtDCKyI_191,0.0,4.82,0,0
20220117_Genesenen_Status_nur_noch_3_FQAeEtDCKyI_192,4.82,14.0,0,0
20220117_Genesenen_Status_nur_noch_3_FQAeEtDCKyI_193,14.0,23.22,0,0
20220117_Genesenen_Status_nur_noch_3_FQAeEtDCKyI_194,23.23,39.46,0,0
20220117_Genesenen_Status_nur_noch_3_FQAeEtDCKyI_195,39.47,52.44,0,0
20220117_Genesenen_Status_nur_noch_3_FQAeEtDCKyI_196,52.49,98.36,1,1
20220117_Genesenen_Status_nur_noch_3_FQAeEtDCKyI_197,98.36,98.86,0,0
20220110_Das_RKI_und_die_Corona_1z9ROvAVZZk_198,0.06,12.24,0,0
20220110_Das_RKI_und_die_Corona_1z9ROvAVZZk_199,12.24,26.299,1,1
20220110_Das_RKI_und_die_Corona_1z9ROvAVZZk_200,26.369,34.248,0,0
20220110_Das_RKI_und_die_Corona_1z9ROvAVZZk_201,34.84,38.38,1,1
20220110_Das_RKI_und_die_Corona_1z9ROvAVZZk_202,38.392,51.21,0,0
20220110_Das_RKI_und_die_Corona_1z9ROvAVZZk_203,51.271,61.39,1,1
20220110_Das_RKI_und_die_Corona_1z9ROvAVZZk_204,61.485,76.893,0,0
20220110_Das_RKI_und_die_Corona_1z9ROvAVZZk_205,77.063,88.19,1,1
20220110_Das_RKI_und_die_Corona_1z9ROvAVZZk_206,88.19,136.337,2,2
20220113_Schießen_wir_mit_den_Corona_-cdf-dQVgpU_207,0.0,18.52,0,0
20220113_Schießen_wir_mit_den_Corona_-cdf-dQVgpU_208,18.52,104.93,2,3
20220118_Corona_Demos_Randale_und_Aggression_ydzy-emLHfY_209,0.0,14.82,0,0
20220118_Corona_Demos_Randale_und_Aggression_ydzy-emLHfY_210,15.58,29.1,0,0
20220118_Corona_Demos_Randale_und_Aggression_ydzy-emLHfY_211,29.1,54.7,0,0
20220118_Corona_Demos_Randale_und_Aggression_ydzy-emLHfY_212,55.48,83.8,1,1
20220118_Corona_Demos_Randale_und_Aggression_ydzy-emLHfY_213,84.46,99.64,0,0
20220118_Corona_Demos_Randale_und_Aggression_ydzy-emLHfY_214,99.92,122.32,1,1
20220118_Corona_Demos_Randale_und_Aggression_ydzy-emLHfY_215,122.9,131.26,0,0
20220118_Corona_Demos_Randale_und_Aggression_ydzy-emLHfY_216,133.84,182.2,1,1
20220118_Corona_Demos_Randale_und_Aggression_ydzy-emLHfY_217,182.96,207.46,1,1
20220118_Corona_Demos_Randale_und_Aggression_ydzy-emLHfY_218,208.3,235.28,1,1
20220118_Corona_Demos_Randale_und_Aggression_ydzy-emLHfY_219,235.62,258.94,1,1
20220118_Corona_Demos_Randale_und_Aggression_ydzy-emLHfY_220,259.86,282.16,1,1
20220118_Corona_Demos_Randale_und_Aggression_ydzy-emLHfY_221,282.62,296.5,1,1
20220118_Corona_Demos_Randale_und_Aggression_ydzy-emLHfY_222,297.08,328.94,2,4
20220118_Corona_Demos_Randale_und_Aggression_ydzy-emLHfY_223,329.48,339.88,2,4
20220105_Corona_Regeln_Unsere_Freiheit_gerät_0RM8KQi3Muk_224,30.642,48.92,2,4
20220105_Corona_Regeln_Unsere_Freiheit_gerät_0RM8KQi3Muk_225,48.92,56.854,0,0
20220105_Corona_Regeln_Unsere_Freiheit_gerät_0RM8KQi3Muk_226,56.854,85.078,2,4
20220105_Corona_Regeln_Unsere_Freiheit_gerät_0RM8KQi3Muk_227,88.593,110.531,2,4
20220105_Corona_Regeln_Unsere_Freiheit_gerät_0RM8KQi3Muk_228,110.531,137.33,0,0
20220105_Corona_Regeln_Unsere_Freiheit_gerät_0RM8KQi3Muk_229,137.33,214.846,2,4
20220120_Omikron_Welle_Diese_Impfpflicht_ist_pWZDF3rJ744_230,0.06,7.38,0,0
20220120_Omikron_Welle_Diese_Impfpflicht_ist_pWZDF3rJ744_231,7.38,48.99,0,0
20220120_Omikron_Welle_Diese_Impfpflicht_ist_pWZDF3rJ744_232,48.99,66.85,2,5
20220120_Omikron_Welle_Diese_Impfpflicht_ist_pWZDF3rJ744_233,66.85,75.57,0,0
20220120_Omikron_Welle_Diese_Impfpflicht_ist_pWZDF3rJ744_234,75.57,213.5,1,1
